aaron finch,23,772,35.09,92.34,2,13.00,3.90,20.0 6.1234 4.3878260869565215
david warner,42,1287,31.39,82.39,0,8.00,0,0 6.067288888888889 4.0
shane watson,173,5256,41.06,90.20,163,30.26,4.87,37.2 9.0512 8.822850899143836
glenn maxwell,24,621,34.50,124.20,11,57.90,5.42,64.0 6.0542 4.213264248704663
george bailey,39,1647,53.12,91.39,-,-,-,- 7.1094 0.0
brad hodge,25,575,30.26,87.51,1,51.00,4.63,66.0 5.585666666666667 2.642745098039216
brad haddin,105,2753,31.64,82.27,-,-,-,- 7.542822222222223 0.0
brad hogg,123,790,20.25,78.68,156,26.84,4.51,35.6 5.931444444444445 9.239344262295083
mitchell starc,19,122,40.66,100.82,37,19.91,5.05,23.6 6.4044 8.14
nathan coulter-nile,7,49,16.33,76.56,11,33.00,5.26,37.6 3.4841333333333333 6.953333333333333
doug bollinger,39,50,8.33,92.59,62,23.90,4.57,31.3 3.623 8.681004184100418
mitchell johnson,136,829,15.94,92.11,208,25.88,4.85,31.9 5.7598 9.30015455950541
michael clarke,236,7683,44.66,78.76,56,38.03,5.01,45.5 9.286822222222222 4.626133872901411
moises henriques,5,32,8.00,61.53,4,30.75,4.55,40.5 2.2737333333333334 6.31089430894309
cameron white,87,2037,35.12,80.48,12,29.25,6.36,27.5 7.447844444444444 3.295997642204539
