rohit sharma,123,3427,35.69,78.61,8,60.37,5.09,71.1 8.00128888888889 2.549001428858085
varun aaron,8,8,8.00,53.33,11,35.72,6.64,32.2 2.1467111111111112 6.2518029115341545
shikhar dhawan,39,1504,41.77,89.52,-,-,-,- 7.070133333333333 0.0
dinesh karthik,71,1313,27.93,73.22,-,-,-,- 6.102711111111111 0.0
bhuvneshwar kumar,35,135,11.25,80.83,37,37.32,4.74,47.2 3.648222222222222 7.518992497320472
pragyan ojha,18,46,23.00,41.07,21,31.04,4.46,41.7 3.5818666666666665 7.637525773195876
suresh raina,189,4596,35.35,91.35,25,51.64,5.07,61.0 8.4542 3.2811532014475464
ishant sharma,72,72,5.14,36.00,102,31.44,5.72,32.9 2.7683999999999997 8.599491094147583
vinay kumar,31,86,9.55,58.90,38,37.44,5.94,37.7 2.901088888888889 7.135213675213675
zaheer khan,200,792,12.00,73.46,282,29.43,4.93,35.8 4.990844444444444 9.095073054706083
ravichandran ashwin,79,583,17.14,89.96,106,32.91,4.90,40.2 5.409711111111111 8.936979641446369
amit mishra,23,15,5.00,57.69,40,22.77,4.45,30.7 2.245 8.532367149758453
ajinkya rahane,27,687,25.44,72.16,-,-,-,- 4.824955555555555 0.0
mohammad shami,29,53,8.83,77.94,50,28.96,5.82,29.8 3.2056 7.719337016574586
yuvraj singh,293,8329,36.37,87.24,111,38.18,5.09,44.9 9.241466666666666 6.067794192052377
