adnan akmal,5,62,20.66,69.66,-,-,-,- 3.7264 0.0
kamran akmal,154,3168,26.18,83.83,-,-,-,- 7.114488888888888 0.0
umar akmal,94,2623,38.57,87.08,-,-,-,- 8.19671111111111 0.0
asad shafiq,46,1096,26.09,69.41,-,-,-,- 5.290644444444444 0.0
mohammad talha,3,0,0.00,0.00,4,36.50,7.18,30.5 0.06 5.685479452054794
saeed ajmal,110,318,7.22,61.62,182,22.24,4.14,32.2 4.154933333333333 9.77841726618705
sohail tanvir,58,347,12.85,84.22,67,35.83,5.21,41.2 4.385955555555555 7.968021211275468
mohammad hafeez,146,4254,31.05,72.54,118,35.61,4.06,52.5 7.5678 8.268484687616608
shoaib malik,216,5490,32.67,78.28,141,36.36,4.54,48.0 8.104555555555557 7.42123212321232
shahid afridi,378,7619,23.44,115.61,378,33.89,4.62,43.9 7.867800000000001 8.898318087931543
umar gul,124,451,9.80,70.80,173,28.70,5.15,33.4 4.643533333333333 8.933101045296167
junaid khan,46,50,5.55,51.54,74,24.37,4.99,29.2 2.630333333333333 8.88549856380796
mohammad shehzad,45,1514,34.40,71.55,0,8.00,0,0 6.2328 4.0
sohaib maqsood,14,433,33.30,78.01,0,6.00,0,0 5.430155555555555 4.0
adnan akmal,5,62,20.66,69.66,-,-,-,- 3.7264 0.0
kamran akmal,154,3168,26.18,83.83,-,-,-,- 7.114488888888888 0.0
umar akmal,94,2623,38.57,87.08,-,-,-,- 8.19671111111111 0.0
asad shafiq,46,1096,26.09,69.41,-,-,-,- 5.290644444444444 0.0
mohammad talha,3,0,0.00,0.00,4,36.50,7.18,30.5 0.06 5.685479452054794
saeed ajmal,110,318,7.22,61.62,182,22.24,4.14,32.2 4.154933333333333 9.77841726618705
sohail tanvir,58,347,12.85,84.22,67,35.83,5.21,41.2 4.385955555555555 7.968021211275468
mohammad hafeez,146,4254,31.05,72.54,118,35.61,4.06,52.5 7.5678 8.268484687616608
shoaib malik,216,5490,32.67,78.28,141,36.36,4.54,48.0 8.104555555555557 7.42123212321232
shahid afridi,378,7619,23.44,115.61,378,33.89,4.62,43.9 7.867800000000001 8.898318087931543
umar gul,124,451,9.80,70.80,173,28.70,5.15,33.4 4.643533333333333 8.933101045296167
junaid khan,46,50,5.55,51.54,74,24.37,4.99,29.2 2.630333333333333 8.88549856380796
mohammad shehzad,45,1514,34.40,71.55,0,8.00,0,0 6.2328 4.0
sohaib maqsood,14,433,33.30,78.01,0,6.00,0,0 5.430155555555555 4.0
adnan akmal,5,62,20.66,69.66,-,-,-,- 3.7264 0.0
kamran akmal,154,3168,26.18,83.83,-,-,-,- 7.114488888888888 0.0
umar akmal,94,2623,38.57,87.08,-,-,-,- 8.19671111111111 0.0
asad shafiq,46,1096,26.09,69.41,-,-,-,- 5.290644444444444 0.0
mohammad talha,3,0,0.00,0.00,4,36.50,7.18,30.5 0.06 5.685479452054794
saeed ajmal,110,318,7.22,61.62,182,22.24,4.14,32.2 4.154933333333333 9.77841726618705
sohail tanvir,58,347,12.85,84.22,67,35.83,5.21,41.2 4.385955555555555 7.968021211275468
mohammad hafeez,146,4254,31.05,72.54,118,35.61,4.06,52.5 7.5678 8.268484687616608
shoaib malik,216,5490,32.67,78.28,141,36.36,4.54,48.0 8.104555555555557 7.42123212321232
shahid afridi,378,7619,23.44,115.61,378,33.89,4.62,43.9 7.867800000000001 8.898318087931543
umar gul,124,451,9.80,70.80,173,28.70,5.15,33.4 4.643533333333333 8.933101045296167
junaid khan,46,50,5.55,51.54,74,24.37,4.99,29.2 2.630333333333333 8.88549856380796
mohammad shehzad,45,1514,34.40,71.55,0,8.00,0,0 6.2328 4.0
sohaib maqsood,14,433,33.30,78.01,0,6.00,0,0 5.430155555555555 4.0
